1892.3, 0.53, 32.3, 4.9, 0.2, 274.1, 67.9, 0.00, -0.99, 1152,  0,  529,  7, 9.50, 44.6813312, 37.7940448, 10.90, 26.80,  1, 0.0, 0.0,  0,  7;
1892.8, 0.44, 46.8, 4.9, 0.4, 279.0, 74.7, 0.00, -1.03, 1155,  0,  516,  7, 10.90, 44.6813312, 37.7940448, 7.70, 28.20,  1, 0.0, 0.0,  0,  7;
1893.3, 0.44, 46.8, 4.9, 0.6, 283.9, 79.4, -0.03, -0.99, 1155,  0,  516,  7, 9.60, 44.6813312, 37.7940448, 5.20, 27.90,  1, 0.0, 0.0,  0,  7;
1893.8, 0.60, 66.6, 5.1, -0.8, 289.8, 84.2, -0.03, -1.03, 1155,  0,  528,  7, 10.50, 44.6813344, 37.7940480, 2.80, 27.80,  1, 0.0, 0.0,  0,  7;
1894.4, 0.60, 66.6, 5.1, -0.5, 295.5, 90.0, 0.00, -0.99, 1155,  0,  528,  7, 11.00, 44.6813344, 37.7940480, 0.00, 27.80,  1, 0.0, 0.0,  0,  7;
1894.9, 0.42, 77.8, 5.2, -0.3, 300.7, 94.9, 0.00, -1.03, 1155,  0,  525,  7, 8.90, 44.6813344, 37.7940480, -2.40, 28.10,  1, 0.0, 0.0,  0,  7;
1895.4, 0.42, 77.8, 5.2, -0.0, 305.8, 98.5, -0.03, -1.03, 1155,  0,  525,  7, 11.30, 44.6813344, 37.7940480, -4.10, 27.50,  1, 0.0, 0.0,  0,  7;
1895.9, 0.70, 92.3, 5.2, 0.2, 311.0, 104.3, -0.03, -0.99, 1171,  0,  528,  7, 9.20, 44.6813312, 37.7940512, -7.30, 28.60,  1, 0.0, 0.0,  0,  7;
1896.4, 0.70, 92.3, 5.1, 0.4, 316.2, 109.1, 0.00, -0.99, 1171,  0,  528,  7, 11.50, 44.6813312, 37.7940512, -9.50, 27.50,  1, 0.0, 0.0,  0,  7;
1896.9, 0.68, 105.0, 4.7, -0.4, 322.4, 112.3, -0.03, -1.03, 1160,  0,  525,  7, 10.10, 44.6813344, 37.7940512, -11.30, 27.50,  1, 0.0, 0.0,  0,  7;
1897.4, 0.68, 105.0, 5.9, -0.5, 328.3, 115.2, -0.03, -0.99, 1160,  0,  525,  7, 10.80, 44.6813344, 37.7940512, -12.60, 26.80,  1, 0.0, 0.0,  0,  7;
1898.0, 0.56, 107.8, 5.9, -0.2, 333.3, 118.7, -0.03, -0.99, 1162,  0,  516,  7, 10.40, 44.6813344, 37.7940544, -14.50, 26.50,  1, 0.0, 0.0,  0,  7;
1898.5, 0.56, 107.8, 4.7, 0.3, 339.2, 121.4, 0.00, -0.99, 1162,  0,  516,  7, 10.10, 44.6813344, 37.7940544, -15.50, 25.40,  1, 0.0, 0.0,  0,  7;
1899.0, 0.60, 114.4, 5.7, -0.8, 343.8, 123.3, -0.03, -1.03, 1162,  0,  519,  7, 10.40, 44.6813408, 37.7940544, -16.20, 24.70,  1, 0.0, 0.0,  0,  7;
1899.5, 0.60, 114.4, 4.6, -0.4, 349.6, 126.1, -0.03, -0.95, 1162,  0,  519,  7, 10.50, 44.6813408, 37.7940544, -18.00, 24.70,  1, 0.0, 0.0,  0,  7;
1900.0, 0.69, 126.7, 4.6, -0.2, 355.4, 127.1, -0.03, -0.99, 1171,  0,  526,  7, 10.80, 44.6813344, 37.7940608, -17.30, 22.90,  1, 0.0, 0.0,  0,  7;
1900.5, 0.69, 126.7, 1.2, -0.0, 0.0, 135.6, -0.15, 0.23, 1171,  0,  526,  7, 25.60, 44.6813344, 37.7940608, -20.10, 19.70,  1, 0.0, 0.0,  0,  7;
1901.0, 0.63, 137.8, 6.8, 1.0, 17.3, 139.2, -0.07, -0.76, 1170,  0,  523,  7, 25.50, 44.6813312, 37.7940640, -26.50, 22.90,  1, 0.0, 0.0,  0,  7;
1901.6, 0.63, 137.8, 2.2, 0.6, 28.1, 150.2, -0.26, 0.49, 1170,  0,  523,  7, 10.80, 44.6813312, 37.7940640, -31.40, 18.00,  1, 0.0, 0.0,  0,  7;
1902.1, 0.45, 170.0, 7.0, 0.6, 29.2, 145.5, 0.03, -0.95, 1147,  0,  521,  7, -0.60, 44.6813280, 37.7940640, -31.30, 21.50,  1, 0.0, 0.0,  0,  7;
1902.6, 0.45, 170.0, 7.0, 0.6, 29.2, 146.6, 0.00, -0.95, 1147,  0,  521,  7, 2.20, 44.6813280, 37.7940640, -34.30, 22.60,  1, 0.0, 0.0,  0,  7;
1903.1, 0.54, 169.5, 4.7, 0.1, 31.4, 150.2, 0.00, -0.91, 1148,  0,  513,  7, 3.90, 44.6813248, 37.7940608, -35.60, 20.40,  1, 0.0, 0.0,  0,  7;
1903.6, 0.54, 169.5, 4.7, 0.2, 33.9, 148.5, 0.00, -0.88, 1148,  0,  513,  7, 6.30, 44.6813248, 37.7940608, -33.50, 20.50,  1, 0.0, 0.0,  0,  7;
1904.1, 0.45, 172.4, 5.9, 0.7, 36.5, 151.4, 0.00, -1.07, 1148,  0,  515,  7, 7.30, 44.6813216, 37.7940608, -37.40, 20.40,  1, 0.0, 0.0,  0,  7;
1904.7, 0.45, 172.4, 5.8, 0.9, 41.2, 154.6, 0.00, -1.03, 1148,  0,  515,  7, 8.60, 44.6813216, 37.7940608, -42.30, 20.10,  1, 0.0, 0.0,  0,  7;
1905.2, 0.62, 168.8, 6.2, 0.1, 44.9, 160.2, 0.00, -0.99, 1162,  0,  518,  7, 7.10, 44.6813120, 37.7940608, -43.80, 15.80,  1, 0.0, 0.0,  0,  7;
1905.7, 0.62, 168.8, 4.7, 0.9, 48.9, 163.6, -0.03, -0.91, 1162,  0,  518,  7, 8.20, 44.6813120, 37.7940608, -42.80, 12.60,  1, 0.0, 0.0,  0,  7;
1906.2, 0.60, 184.5, 5.1, 0.0, 53.6, 169.8, -0.03, -0.95, 1158,  0,  526,  7, 9.10, 44.6813088, 37.7940544, -40.60, 7.30,  1, 0.0, 0.0,  0,  7;
1906.7, 0.54, 194.1, 5.1, 0.2, 57.8, 172.9, 0.00, -1.03, 1158,  0,  526,  7, 9.00, 44.6813088, 37.7940512, -36.30, 4.50,  1, 0.0, 0.0,  0,  7;
1907.2, 0.54, 194.1, 5.2, 0.4, 61.9, 177.7, -0.03, -1.03, 1164,  0,  524,  7, 9.90, 44.6813088, 37.7940512, -32.50, 1.30,  1, 0.0, 0.0,  0,  7;
1907.7, 0.52, 199.2, 5.1, 0.7, 67.7, 180.6, -0.03, -0.99, 1164,  0,  524,  7, 9.50, 44.6813056, 37.7940448, -28.90, -0.30,  1, 0.0, 0.0,  0,  7;
1908.3, 0.52, 199.2, 5.1, 0.9, 73.5, 181.4, -0.03, -0.99, 1151,  0,  527,  7, 10.50, 44.6813056, 37.7940448, -24.60, -0.60,  1, 0.0, 0.0,  0,  7;
1908.8, 0.56, 213.6, 5.7, 0.2, 78.6, 187.8, -0.03, -1.03, 1155,  0,  526,  7, 10.20, 44.6813024, 37.7940416, -22.60, -3.10,  1, 0.0, 0.0,  0, -5;
1909.3, 0.56, 213.6, 5.8, 0.5, 83.4, 190.1, 0.00, -0.99, 1155,  0,  526,  7, 10.40, 44.6813024, 37.7940416, -19.70, -3.50,  1, 0.0, 0.0,  0, -5;
1909.8, 0.58, 228.7, 4.9, -0.0, 89.2, 200.3, -0.03, -1.03, 1161,  0,  525,  7, 11.00, 44.6812960, 37.7940320, -16.20, -6.00,  1, 0.0, 0.0,  0, -5;
1910.3, 0.58, 228.7, 4.9, 0.2, 94.9, 207.0, 0.00, -1.03, 1161,  0,  525, -5, 9.00, 44.6812960, 37.7940320, -15.10, -7.70,  1, 0.0, 0.0,  0, -5;
1910.8, 0.69, 235.6, 5.8, -0.4, 98.2, 208.8, -0.03, -0.99, 1148,  0,  526, -5, 7.00, 44.6812928, 37.7940256, -12.00, -6.60,  1, 0.0, 0.0,  0, -5;
1911.3, 0.69, 235.6, 4.9, 0.5, 101.4, 209.4, -0.03, -0.99, 1148,  0,  526, -5, 4.90, 44.6812928, 37.7940256, -11.20, -6.30,  1, 0.0, 0.0,  0, -5;
1911.9, 0.64, 241.4, 4.2, -0.3, 104.0, 219.6, -0.03, -0.99, 1162,  0,  526, -5, 4.00, 44.6812896, 37.7940192, -9.80, -8.10,  1, 0.0, 0.0,  0, -5;
1912.4, 0.64, 241.4, 5.8, -0.0, 105.6, 224.0, -0.03, -1.03, 1162,  0,  526, -5, 3.10, 44.6812896, 37.7940192, -8.40, -8.10,  1, 0.0, 0.0,  0, -5;
1912.9, 0.33, 241.4, 5.8, 0.0, 107.2, 222.7, -0.03, -0.91, 1145,  0,  515, -5, 1.50, 44.6812864, 37.7940096, -9.10, -8.40,  1, 0.0, 0.0,  0, -5;
1913.4, 0.33, 241.4, 4.2, -0.2, 108.1, 223.7, -0.03, -0.88, 1145,  0,  515, -5, 0.50, 44.6812864, 37.7940096, -8.80, -8.40,  1, 0.0, 0.0,  0, -5;
1913.9, 0.28, 241.4, 4.2, -0.2, 108.1, 228.8, -0.03, -0.88, 1167,  0,  517, -5, -0.60, 44.6812864, 37.7940064, -7.70, -8.80,  1, 0.0, 0.0,  0, -5;
1914.4, 0.28, 241.4, 5.1, -0.9, 107.2, 222.6, -0.03, -0.91, 1167,  0,  517, -5, -2.60, 44.6812864, 37.7940064, -8.80, -8.10,  1, 0.0, 0.0,  0, -5;
1914.9, 0.45, 243.8, 4.2, -0.3, 105.6, 228.3, -0.03, -0.88, 1140,  0,  519, -5, -4.10, 44.6812832, 37.7940000, -8.10, -9.10,  1, 0.0, 0.0,  0, -5;
1915.5, 0.45, 243.8, 4.2, -0.4, 102.3, 225.9, -0.03, -0.84, 1140,  0,  519, -5, -5.50, 44.6812832, 37.7940000, -9.50, -9.80,  1, 0.0, 0.0,  0, -5;
1916.0, 0.09, 243.8, 4.2, -0.5, 99.1, 225.0, -0.03, -0.80, 1129,  0,  511, -5, -7.90, 44.6812832, 37.7939904, -10.90, -10.90,  1, 0.0, 0.0,  0, -5;
1916.5, 0.09, 243.8, 7.3, 1.1, 94.8, 242.4, 2.18, -1.76, 1129,  0,  511, -5, -11.60, 44.6812832, 37.7939904, -8.10, -15.50,  1, 0.0, 0.0,  0, -5;
1917.0, 0.27, 243.8, 4.9, 0.0, 90.0, 215.6, 0.07, -1.22, 1105,  0,  499, -5, -6.60, 44.6812768, 37.7940000, -17.60, -12.60,  1, 0.0, 0.0,  0, -5;
1917.5, 0.27, 243.8, 5.7, -1.1, 85.1, 211.7, 0.07, -1.37, 1105,  0,  499, -5, -5.90, 44.6812768, 37.7940000, -19.40, -12.00,  1, 0.0, 0.0,  0, -5;
1918.0, 0.02, 243.8, 7.3, -1.3, 81.9, 207.6, 0.07, -1.41, 1113,  0,  501, -5, -5.20, 44.6812832, 37.7940096, -22.20, -11.60,  1, 0.0, 0.0,  0, -5;
1918.5, 0.02, 243.8, 10.7, -0.3, 77.7, 200.0, 0.11, -1.72, 1113,  0,  501, -5, -7.80, 44.6812832, 37.7940096, -27.80, -10.10,  1, 0.0, 0.0,  0, -5;
1919.1, 0.03, 243.8, 8.1, -1.2, 73.6, 196.8, 0.07, -1.41, 1096,  0,  492, -5, -8.30, 44.6812832, 37.7940192, -31.40, -9.50,  1, 0.0, 0.0,  0, -5;
1919.6, 0.03, 243.8, 8.4, 0.1, 69.3, 187.6, -0.07, -1.41, 1096,  0,  492, -5, -9.50, 44.6812832, 37.7940192, -38.80, -5.20,  1, 0.0, 0.0,  0, -5;
1920.1, 0.15, 243.8, 8.3, -0.2, 64.5, 180.4, 0.07, -1.53, 1089,  0,  491, -5, -10.00, 44.6812832, 37.7940192, -45.20, -0.30,  1, 0.0, 0.0,  0, -5;
1920.6, 0.15, 243.8, 7.7, 0.4, 59.3, 172.8, 0.03, -1.49, 1089,  0,  491, -5, -10.70, 44.6812832, 37.7940192, -47.60, 6.00,  1, 0.0, 0.0,  0, -5;
1921.1, 0.24, 243.8, 7.8, 0.1, 54.2, 167.9, 0.03, -1.53, 1096,  0,  495, -5, -10.50, 44.6812832, 37.7940288, -49.00, 10.50,  1, 0.0, 0.0,  0, -5;
1921.6, 0.24, 243.8, 8.4, 1.2, 47.8, 162.2, 0.07, -1.45, 1096,  0,  495, -5, -10.80, 44.6812832, 37.7940288, -48.30, 15.50,  1, 0.0, 0.0,  0, -5;
1922.1, 0.11, 243.8, 8.4, 0.7, 41.6, 154.4, -0.07, -1.60, 1104,  0,  493, -5, -9.50, 44.6812832, 37.7940384, -43.40, 20.80,  1, 0.0, 0.0,  0, -5;
1922.7, 0.11, 243.8, 8.4, 0.3, 36.5, 157.5, -0.07, -1.57, 1104,  0,  493, -5, -9.20, 44.6812832, 37.7940384, -42.40, 17.60,  1, 0.0, 0.0,  0, -5;
1923.2, 0.12, 243.8, 8.4, 0.1, 32.8, 154.9, -0.07, -1.49,  310,  0,  130, -5, -8.10, 44.6812832, 37.7940384, -52.60, 24.60,  1, 0.0, 0.0,  0, -5;
1923.7, 0.10, 243.8, 8.4, -0.2, 29.2, 116.7, -0.03, -1.57,  310,  0,  130, -5, -6.10, 44.6812768, 37.7940448, -24.30, 48.30,  1, 0.0, 0.0,  0, -5;
1924.2, 0.10, 243.8, 8.4, -0.5, 25.6, 115.1, -0.03, -1.53,    0,  0,    0, -5, -6.00, 44.6812768, 37.7940448, -3.80, 8.10,  1, 0.0, 0.0,  0, -5;
1924.7, 0.06, 243.8, 7.0, 0.3, 23.3, 153.1, -0.07, -1.45,    0,  0,    0, -5, -2.50, 44.6812768, 37.7940480, -27.20, 13.80,  1, 0.0, 0.0,  0, -5;
1925.2, 0.06, 243.8, 8.2, 0.4, 22.1, 147.7, -0.03, -1.53,    0,  0,    0, -5, -1.50, 44.6812768, 37.7940480, -30.00, 19.00,  1, 0.0, 0.0,  0, -5;
1925.7, 0.07, 243.8, 8.1, 0.3, 20.8, 145.9, -0.03, -1.53,    0,  0,    0, -5, -1.60, 44.6812832, 37.7940512, -30.70, 20.80,  1, 0.0, 0.0,  0, -5;
1926.3, 0.07, 243.8, 8.1, 0.2, 19.7, 143.4, -0.03, -1.57,    0,  0,    0, -5, -1.30, 44.6812832, 37.7940512, -28.90, 21.50,  1, 0.0, 0.0,  0, -5;
1926.8, 0.11, 243.8, 8.1, 0.2, 18.5, 141.8, -0.03, -1.53,    0,  0,    0, -5, -1.30, 44.6812832, 37.7940608, -26.80, 21.10,  1, 0.0, 0.0,  0, -5;
1927.3, 0.11, 243.8, 8.2, 0.1, 17.4, 142.2, -0.03, -1.53,    0,  0,    0, -5, -1.40, 44.6812832, 37.7940608, -24.00, 18.60,  1, 0.0, 0.0,  0, -5;
1927.8, 0.13, 243.8, 8.2, 0.0, 16.3, 140.9, -0.03, -1.57,    0,  0,    0, -5, -1.10, 44.6812832, 37.7940640, -22.90, 18.60,  1, 0.0, 0.0,  0, -5;
1928.3, 0.13, 243.8, 8.2, 0.0, 16.3, 139.1, -0.03, -1.53,    0,  0,    0, -5, -1.60, 44.6812832, 37.7940640, -20.80, 18.00,  1, 0.0, 0.0,  0, -5;
1928.8, 0.13, 243.8, 8.2, -0.1, 15.1, 140.2, -0.03, -1.49,    0,  0,    0, -5, -2.20, 44.6812768, 37.7940640, -18.60, 15.50,  1, 0.0, 0.0,  0, -5;
1929.3, 0.13, 243.8, 8.2, -0.2, 14.0, 146.9, -0.03, -1.53,    0,  0,    0, -5, -1.50, 44.6812768, 37.7940640, -19.30, 12.60,  1, 0.0, 0.0,  0, -5;
1929.9, 0.18, 243.8, 9.3, -0.1, 12.7, 153.5, -0.03, -1.57,    0,  0,    0, -5, -2.10, 44.6812768, 37.7940672, -21.10, 10.50,  1, 0.0, 0.0,  0, -5;
1930.4, 0.18, 243.8, 9.3, -0.2, 11.6, 154.7, -0.03, -1.57,    0,  0,    0, -5, -2.30, 44.6812768, 37.7940672, -25.40, 12.00,  1, 0.0, 0.0,  0, -5;
1930.9, 0.14, 243.8, 8.1, -0.4, 10.4, 155.1, -0.03, -1.53,    0,  0,    0, -5, -1.90, 44.6812704, 37.7940704, -27.10, 12.60,  1, 0.0, 0.0,  0, -5;
1931.4, 0.14, 243.8, 8.0, 0.6, 9.2, 156.1, -0.03, -1.49,    0,  0,    0, -5, -1.90, 44.6812704, 37.7940704, -29.30, 13.00,  1, 0.0, 0.0,  0, -5;
1931.9, 0.14, 243.8, 8.0, 0.6, 8.0, 157.2, -0.03, -1.57,    0,  0,    0, -5, -2.10, 44.6812640, 37.7940672, -30.00, 12.60,  1, 0.0, 0.0,  0, -5;
1932.4, 0.14, 243.8, 9.2, 0.6, 6.9, 154.4, -0.03, -1.57,    0,  0,    0, -5, -2.10, 44.6812640, 37.7940672, -30.00, 14.40,  1, 0.0, 0.0,  0, -5;
1932.9, 0.14, 243.8, 8.1, 0.4, 5.8, 154.9, -0.03, -1.53,    0,  0,    0, -5, -2.30, 44.6812576, 37.7940672, -30.70, 14.40,  1, 0.0, 0.0,  0, -5;
1933.5, 0.14, 243.8, 8.1, 0.3, 4.6, 152.7, -0.03, -1.53,    0,  0,    0, -5, -2.10, 44.6812576, 37.7940672, -30.00, 15.50,  1, 0.0, 0.0,  0, -5;
1934.0, 0.15, 243.8, 9.2, 0.3, 3.4, 151.6, -0.03, -1.57,    0,  0,    0, -5, -2.30, 44.6812576, 37.7940704, -30.00, 16.20,  1, 0.0, 0.0,  0, -5;
1934.5, 0.15, 243.8, 8.1, 0.2, 2.3, 152.1, -0.03, -1.57,    0,  0,    0, -5, -2.60, 44.6812576, 37.7940704, -30.60, 16.20,  1, 0.0, 0.0,  0, -5;
1935.0, 0.14, 243.8, 8.1, 0.1, 1.2, 153.2, -0.03, -1.53,    0,  0,    0, -5, -2.20, 44.6812576, 37.7940704, -30.70, 15.50,  1, 0.0, 0.0,  0, -5;
1935.5, 0.14, 243.8, 9.2, -0.0, 0.0, 151.6, -0.03, -1.57,    0,  0,    0, -5, -2.10, 44.6812576, 37.7940704, -30.00, 16.20,  1, 0.0, 0.0,  0, -5;
1936.0, 0.11, 243.8, 9.2, -0.0, 0.0, 150.0, -0.03, -1.57,    0,  0,    0, -5, -2.50, 44.6812544, 37.7940736, -29.30, 16.90,  1, 0.0, 0.0,  0, -5;
1936.5, 0.11, 243.8, 8.1, -0.1, 358.8, 151.3, -0.03, -1.53,    0,  0,    0, -5, -2.30, 44.6812544, 37.7940736, -29.60, 16.20,  1, 0.0, 0.0,  0, -5;
1937.1, 0.14, 243.8, 8.1, -0.2, 356.5, 152.8, -0.03, -1.53,    0,  0,    0, -5, -2.20, 44.6812480, 37.7940736, -30.70, 15.80,  1, 0.0, 0.0,  0, -5;
1937.6, 0.14, 243.8, 8.1, -0.3, 355.4, 150.3, -0.03, -1.53,    0,  0,    0, -5, -2.10, 44.6812480, 37.7940736, -30.30, 17.30,  1, 0.0, 0.0,  0, -5;
1938.1, 0.12, 243.8, 8.1, -0.4, 354.2, 151.1, -0.03, -1.57,    0,  0,    0, -5, -2.10, 44.6812480, 37.7940736, -31.40, 17.30,  1, 0.0, 0.0,  0, -5;
1938.6, 0.12, 243.8, 8.1, -0.5, 353.1, 151.3, -0.03, -1.53,    0,  0,    0, -5, -2.50, 44.6812480, 37.7940736, -32.10, 17.60,  1, 0.0, 0.0,  0, -5;
1939.1, 0.12, 243.8, 8.0, -0.6, 352.0, 151.7, -0.03, -1.57,    0,  0,    0, -5, -2.60, 44.6812448, 37.7940736, -31.40, 16.90,  1, 0.0, 0.0,  0, -5;
1939.6, 0.12, 243.8, 8.0, -0.6, 350.8, 148.8, -0.03, -1.53,    0,  0,    0, -5, -2.20, 44.6812448, 37.7940736, -31.40, 19.00,  1, 0.0, 0.0,  0, -5;
1940.1, 0.13, 243.8, 9.2, -0.8, 349.7, 146.7, -0.03, -1.57,    0,  0,    0, -5, -2.60, 44.6812448, 37.7940800, -31.70, 20.80,  1, 0.0, 0.0,  0, -5;
1940.7, 0.13, 243.8, 8.0, -0.8, 348.5, 146.2, -0.03, -1.53,    0,  0,    0, -5, -2.20, 44.6812448, 37.7940800, -31.10, 20.80,  1, 0.0, 0.0,  0, -5;
1941.2, 0.12, 243.8, 8.0, -0.9, 347.4, 145.1, -0.03, -1.53,    0,  0,    0, -5, -2.40, 44.6812448, 37.7940800, -30.30, 21.10,  1, 0.0, 0.0,  0, -5;
1941.7, 0.14, 243.8, 8.1, -1.0, 346.1, 142.2, -0.03, -1.57,    0,  0,    0, -5, -2.20, 44.6812416, 37.7940832, -30.00, 23.30,  1, 0.0, 0.0,  0, -5;
1942.2, 0.14, 243.8, 9.2, -1.2, 345.0, 143.8, -0.03, -1.60,    0,  0,    0, -5, -2.30, 44.6812416, 37.7940832, -30.30, 22.20,  1, 0.0, 0.0,  0, -5;
1942.7, 0.10, 243.8, 8.0, -1.1, 343.8, 142.8, -0.03, -1.53,    0,  0,    0, -5, -2.70, 44.6812416, 37.7940832, -29.60, 22.50,  1, 0.0, 0.0,  0, -5;
1943.2, 0.10, 243.8, 8.2, -0.1, 342.6, 139.6, -0.03, -1.53,    0,  0,    0, -5, -2.10, 44.6812416, 37.7940832, -28.20, 24.00,  1, 0.0, 0.0,  0, -5;
1943.7, 0.03, 243.8, 8.1, -0.2, 341.5, 140.5, -0.03, -1.57,    0,  0,    0, -5, -2.30, 44.6812416, 37.7940864, -28.60, 23.60,  1, 0.0, 0.0,  0, -5;
1944.3, 0.03, 243.8, 8.1, -0.3, 339.2, 138.9, -0.03, -1.53,    0,  0,    0, -5, -2.30, 44.6812416, 37.7940864, -27.50, 24.00,  1, 0.0, 0.0,  0, -5;
1944.8, 0.07, 243.8, 8.2, -0.3, 339.0, 137.7, -0.03, -1.53,    0,  0,    0, -5, -2.30, 44.6812416, 37.7940864, -27.50, 25.00,  1, 0.0, 0.0,  0, -5;
1945.3, 0.07, 243.8, 8.2, -0.4, 337.9, 135.8, -0.03, -1.53,    0,  0,    0, -5, -2.10, 44.6812416, 37.7940864, -25.30, 24.60,  1, 0.0, 0.0,  0, -5;
1945.8, 0.10, 243.8, 8.2, -0.5, 336.7, 136.2, -0.03, -1.57,    0,  0,    0, -5, -2.10, 44.6812416, 37.7940864, -26.40, 25.30,  1, 0.0, 0.0,  0, -5;
1946.3, 0.10, 243.8, 8.1, -0.6, 335.6, 132.7, -0.03, -1.53,    0,  0,    0, -5, -2.20, 44.6812416, 37.7940864, -24.70, 26.80,  1, 0.0, 0.0,  0, -5;
1946.8, 0.08, 243.8, 9.3, -0.9, 334.3, 131.8, -0.03, -1.57,    0,  0,    0, -5, -1.90, 44.6812416, 37.7940896, -23.60, 26.40,  1, 0.0, 0.0,  0, -5;
1947.3, 0.08, 243.8, 8.2, -0.8, 333.1, 131.3, -0.03, -1.53,    0,  0,    0, -5, -2.20, 44.6812416, 37.7940896, -23.30, 26.50,  1, 0.0, 0.0,  0, -5;
1947.9, 0.08, 243.8, 8.1, -0.8, 332.0, 130.2, -0.03, -1.53,    0,  0,    0, -5, -1.60, 44.6812416, 37.7940896, -22.90, 27.10,  1, 0.0, 0.0,  0, -5;
1948.4, 0.08, 243.8, 8.1, -0.9, 330.9, 128.3, -0.03, -1.57,    0,  0,    0, -5, -2.10, 44.6812416, 37.7940896, -22.60, 28.60,  1, 0.0, 0.0,  0, -5;
1948.9, 0.10, 243.8, 8.1, -1.0, 329.8, 125.9, -0.03, -1.57,    0,  0,    0, -5, -2.00, 44.6812416, 37.7940896, -21.20, 29.30,  1, 0.0, 0.0,  0, -5;
1949.4, 0.10, 243.8, 8.1, -1.1, 328.3, 125.0, -0.03, -1.57,    0,  0,    0, -5, -2.00, 44.6812416, 37.7940896, -20.10, 28.70,  1, 0.0, 0.0,  0, -5;
1949.9, 0.06, 243.8, 8.4, -0.1, 327.2, 126.4, -0.03, -1.53,    0,  0,    0, -5, -2.00, 44.6812416, 37.7940896, -20.50, 27.80,  1, 0.0, 0.0,  0, -5;
1950.4, 0.06, 243.8, 8.4, -0.2, 326.1, 123.0, -0.03, -1.57,    0,  0,    0, -5, -2.10, 44.6812416, 37.7940896, -19.00, 29.30,  1, 0.0, 0.0,  0, -5;
1950.9, 0.15, 243.8, 8.4, -0.2, 325.0, 123.8, -0.03, -1.60,    0,  0,    0, -5, -1.60, 44.6812416, 37.7940896, -18.60, 27.80,  1, 0.0, 0.0,  0, -5;
1951.5, 0.15, 243.8, 8.4, -0.3, 324.6, 121.9, -0.03, -1.57,    0,  0,    0, -5, -1.90, 44.6812416, 37.7940896, -18.00, 28.90,  1, 0.0, 0.0,  0, -5;
1952.0, 0.04, 243.8, 8.4, -0.3, 323.5, 121.5, -0.03, -1.57,    0,  0,    0, -5, -1.50, 44.6812416, 37.7940896, -17.30, 28.20,  1, 0.0, 0.0,  0, -5;
1952.5, 0.04, 243.8, 8.4, -0.4, 322.4, 119.9, -0.03, -1.53,    0,  0,    0, -5, -2.00, 44.6812416, 37.7940896, -16.20, 28.20,  1, 0.0, 0.0,  0, -5;
1953.0, 0.06, 243.8, 8.4, -0.5, 321.0, 118.9, -0.03, -1.53,    0,  0,    0, -5, -1.70, 44.6812352, 37.7940864, -16.20, 29.30,  1, 0.0, 0.0,  0, -5;
1953.5, 0.06, 243.8, 8.4, -0.6, 319.9, 117.0, -0.03, -1.53,    0,  0,    0, -5, -1.40, 44.6812352, 37.7940864, -15.10, 29.60,  1, 0.0, 0.0,  0, -5;
1954.0, 0.05, 243.8, 8.4, -0.7, 318.8, 114.1, -0.03, -1.57,    0,  0,    0, -5, -1.90, 44.6812352, 37.7940864, -13.40, 30.00,  1, 0.0, 0.0,  0, -5;
1954.5, 0.05, 243.8, 8.4, -0.7, 318.8, 112.8, -0.03, -1.57,    0,  0,    0, -5, -1.70, 44.6812352, 37.7940864, -12.60, 30.00,  1, 0.0, 0.0,  0, -5;
1955.1, 0.06, 243.8, 8.4, -0.8, 317.3, 113.6, -0.03, -1.53,    0,  0,    0, -5, -1.60, 44.6812352, 37.7940864, -12.60, 28.90,  1, 0.0, 0.0,  0, -5;
1955.6, 0.06, 243.8, 8.4, -0.9, 316.2, 111.4, -0.03, -1.53,    0,  0,    0, -5, -1.70, 44.6812352, 37.7940864, -11.60, 29.60,  1, 0.0, 0.0,  0, -5;
1956.1, 0.07, 243.8, 8.4, -0.9, 316.2, 110.5, -0.03, -1.53,    0,  0,    0, -5, -1.50, 44.6812352, 37.7940864, -11.60, 31.00,  1, 0.0, 0.0,  0, -5;
1956.6, 0.07, 243.8, 8.4, -1.0, 314.7, 107.5, -0.03, -1.57,    0,  0,    0, -5, -1.60, 44.6812352, 37.7940864, -9.80, 31.00,  1, 0.0, 0.0,  0, -5;
1957.1, 0.08, 243.8, 8.3, -1.1, 313.7, 110.2, -0.03, -1.53,    0,  0,    0, -5, -1.50, 44.6812352, 37.7940896, -10.90, 29.60,  1, 0.0, 0.0,  0, -5;
1957.6, 0.08, 243.8, 8.3, -1.1, 312.6, 105.5, -0.03, -1.53,    0,  0,    0, -5, -1.60, 44.6812352, 37.7940896, -8.40, 30.30,  1, 0.0, 0.0,  0, -5;
1958.2, 0.05, 243.8, 8.8, -0.1, 312.1, 105.0, -0.03, -1.53,    0,  0,    0, -5, -1.70, 44.6812320, 37.7940896, -8.10, 30.30,  1, 0.0, 0.0,  0, -5;
1958.7, 0.05, 243.8, 8.8, -0.2, 311.0, 105.3, -0.03, -1.53,    0,  0,    0, -5, -1.30, 44.6812320, 37.7940896, -8.40, 30.70,  1, 0.0, 0.0,  0, -5;
1959.2, 0.08, 243.8, 8.8, -0.2, 311.0, 102.6, -0.03, -1.57,    0,  0,    0, -5, -1.40, 44.6812320, 37.7940896, -6.60, 29.60,  1, 0.0, 0.0,  0, -5;
1959.7, 0.06, 243.8, 8.8, -0.3, 310.0, 103.0, -0.03, -1.57,    0,  0,    0, -5, -1.30, 44.6812320, 37.7940896, -7.00, 30.30,  1, 0.0, 0.0,  0, -5;
1960.2, 0.06, 243.8, 8.8, -0.3, 309.5, 101.6, -0.03, -1.57,    0,  0,    0, -5, -1.40, 44.6812320, 37.7940896, -6.30, 30.60,  1, 0.0, 0.0,  0, -5;
1960.7, 0.05, 243.8, 8.8, -0.4, 308.5, 99.6, -0.03, -1.53,    0,  0,    0, -5, -1.20, 44.6812288, 37.7940896, -5.20, 30.70,  1, 0.0, 0.0,  0, -5;
1961.2, 0.05, 243.8, 8.8, -0.5, 307.4, 101.0, -0.03, -1.53,    0,  0,    0, -5, -1.20, 44.6812288, 37.7940896, -6.00, 31.00,  1, 0.0, 0.0,  0, -5;
1961.7, 0.05, 243.8, 8.8, -0.5, 307.4, 97.0, -0.03, -1.57,    0,  0,    0, -5, -1.10, 44.6812288, 37.7940896, -3.80, 30.80,  1, 0.0, 0.0,  0, -5;
1962.3, 0.05, 243.8, 8.8, -0.5, 306.9, 99.2, -0.03, -1.53,    0,  0,    0, -5, -1.30, 44.6812288, 37.7940896, -4.90, 30.30,  1, 0.0, 0.0,  0, -5;
1962.8, 0.09, 243.8, 8.8, -0.6, 305.9, 99.0, -0.03, -1.57,    0,  0,    0, -5, -1.10, 44.6812288, 37.7940928, -4.90, 31.00,  1, 0.0, 0.0,  0, -5;
1963.3, 0.09, 243.8, 8.8, -0.6, 305.9, 96.6, -0.03, -1.57,    0,  0,    0, -5, -1.20, 44.6812288, 37.7940928, -3.50, 30.30,  1, 0.0, 0.0,  0, -5;
1963.8, 0.04, 243.8, 7.7, -0.1, 304.8, 95.1, -0.03, -1.53,    0,  0,    0, -5, -1.30, 44.6812288, 37.7940928, -2.80, 31.10,  1, 0.0, 0.0,  0, -5;
1964.3, 0.04, 243.8, 7.8, -0.2, 304.3, 94.5, -0.03, -1.53,    0,  0,    0, -5, -1.00, 44.6812288, 37.7940928, -2.40, 30.30,  1, 0.0, 0.0,  0, -5;
1964.8, 0.08, 243.8, 8.8, -0.8, 303.3, 97.0, -0.03, -1.57,    0,  0,    0, -5, -1.00, 44.6812288, 37.7940928, -3.80, 31.00,  1, 0.0, 0.0,  0, -5;
1965.3, 0.08, 243.8, 8.8, -0.8, 303.3, 95.3, -0.03, -1.53,    0,  0,    0, -5, -1.20, 44.6812288, 37.7940928, -2.80, 30.00,  1, 0.0, 0.0,  0, -5;
1965.9, 0.04, 243.8, 7.7, -0.3, 302.2, 93.7, -0.03, -1.57,    0,  0,    0, -5, -1.20, 44.6812288, 37.7940928, -2.00, 31.00,  1, 0.0, 0.0,  0, -5;
1966.4, 0.04, 243.8, 7.8, -0.4, 301.7, 94.5, -0.03, -1.53,    0,  0,    0, -5, -1.30, 44.6812288, 37.7940928, -2.40, 30.30,  1, 0.0, 0.0,  0, -5;
1966.9, 0.08, 243.8, 8.7, -1.0, 300.7, 91.1, -0.03, -1.57,    0,  0,    0, -5, -1.10, 44.6812288, 37.7940928, -0.60, 31.00,  1, 0.0, 0.0,  0, -5;
1967.4, 0.08, 243.8, 7.7, -0.4, 300.7, 92.4, -0.03, -1.53,    0,  0,    0, -5, -1.30, 44.6812288, 37.7940928, -1.30, 31.00,  1, 0.0, 0.0,  0, -5;
1967.9, 0.07, 243.8, 7.7, -0.5, 299.7, 91.8, -0.03, -1.53,    0,  0,    0, -5, -1.50, 44.6812288, 37.7940928, -1.00, 31.00,  1, 0.0, 0.0,  0, -5;
1968.4, 0.07, 243.8, 7.8, -0.5, 299.1, 89.4, -0.03, -1.53,    0,  0,    0, -5, -1.30, 44.6812288, 37.7940928, 0.30, 31.00,  1, 0.0, 0.0,  0, -5;
1968.9, 0.03, 243.8, 7.7, -0.6, 298.1, 89.4, -0.03, -1.53,    0,  0,    0, -5, -1.20, 44.6812288, 37.7940928, 0.30, 29.60,  1, 0.0, 0.0,  0, -5;
1969.5, 0.03, 243.8, 7.7, -0.6, 298.1, 89.4, -0.03, -1.53,    0,  0,    0, -5, -1.40, 44.6812288, 37.7940928, 0.30, 30.30,  1, 0.0, 0.0,  0, -5;
1970.0, 0.12, 243.8, 9.3, -0.3, 296.5, 88.1, -0.03, -1.57,    0,  0,    0, -5, -1.30, 44.6812256, 37.7941024, 1.00, 30.60,  1, 0.0, 0.0,  0, -5;
1970.5, 0.12, 243.8, 8.3, 0.3, 296.5, 86.3, -0.03, -1.57,    0,  0,    0, -5, -1.00, 44.6812256, 37.7941024, 2.00, 30.70,  1, 0.0, 0.0,  0, -5;
1971.0, 0.07, 243.8, 8.3, 0.2, 295.5, 86.2, -0.03, -1.57,    0,  0,    0, -5, -1.40, 44.6812256, 37.7940992, 2.00, 30.00,  1, 0.0, 0.0,  0, -5;
1971.5, 0.07, 243.8, 8.3, 0.1, 293.9, 85.4, -0.03, -1.53,    0,  0,    0, -5, -1.50, 44.6812256, 37.7940992, 2.40, 30.00,  1, 0.0, 0.0,  0, -5;
1972.0, 0.01, 243.8, 8.3, 0.1, 293.9, 84.4, -0.03, -1.53,    0,  0,    0, -5, -1.20, 44.6812224, 37.7940992, 3.10, 31.70,  1, 0.0, 0.0,  0, -5;
1972.5, 0.01, 243.8, 8.3, 0.0, 292.9, 83.8, -0.03, -1.53,    0,  0,    0, -5, -1.70, 44.6812224, 37.7940992, 3.10, 28.60,  1, 0.0, 0.0,  0, -5;
1973.1, 0.03, 243.8, 8.4, -0.0, 292.3, 82.7, -0.03, -1.57,    0,  0,    0, -5, -1.30, 44.6812256, 37.7940992, 3.80, 29.60,  1, 0.0, 0.0,  0, -5;
1973.6, 0.03, 243.8, 8.3, -0.1, 291.3, 84.2, -0.03, -1.53,    0,  0,    0, -5, -1.40, 44.6812256, 37.7940992, 3.10, 30.50,  1, 0.0, 0.0,  0, -5;
1974.1, 0.03, 243.8, 8.3, -0.1, 291.3, 84.2, -0.03, -1.53,    0,  0,    0, -5, -1.20, 44.6812256, 37.7940992, 3.10, 30.30,  1, 0.0, 0.0,  0, -5;
1974.6, 0.03, 243.8, 8.3, -0.2, 289.7, 80.8, -0.03, -1.57,    0,  0,    0, -5, -1.20, 44.6812256, 37.7940992, 4.90, 30.30,  1, 0.0, 0.0,  0, -5;
1975.1, 0.04, 243.8, 8.3, -0.2, 289.7, 81.6, -0.03, -1.57,    0,  0,    0, -5, -1.30, 44.6812224, 37.7940928, 4.50, 30.30,  1, 0.0, 0.0,  0, -5;
1975.6, 0.04, 243.8, 8.3, -0.3, 288.1, 79.0, -0.03, -1.53,    0,  0,    0, -5, -1.30, 44.6812224, 37.7940928, 5.60, 28.90,  1, 0.0, 0.0,  0, -5;
1976.1, 0.02, 243.8, 8.3, -0.3, 288.1, 80.2, -0.03, -1.53,    0,  0,    0, -5, -1.20, 44.6812256, 37.7940992, 5.20, 30.00,  1, 0.0, 0.0,  0, -5;
1976.7, 0.02, 243.8, 8.3, -0.4, 287.2, 78.9, -0.03, -1.53,    0,  0,    0, -5, -1.30, 44.6812256, 37.7940992, 5.60, 28.60,  1, 0.0, 0.0,  0, -5;
1977.2, 0.06, 243.8, 8.4, -0.4, 286.5, 78.4, -0.03, -1.53,    0,  0,    0, -5, -1.40, 44.6812256, 37.7940992, 6.00, 29.30,  1, 0.0, 0.0,  0, -5;
1977.7, 0.06, 243.8, 8.3, -0.5, 285.6, 77.7, -0.03, -1.53,    0,  0,    0, -5, -0.80, 44.6812256, 37.7940992, 6.60, 30.30,  1, 0.0, 0.0,  0, -5;
1978.2, 0.08, 243.8, 8.3, -0.5, 285.6, 77.7, -0.03, -1.57,    0,  0,    0, -5, -1.10, 44.6812256, 37.7940928, 6.30, 28.90,  1, 0.0, 0.0,  0, -5;
1978.7, 0.01, 243.8, 8.4, -0.6, 284.9, 77.4, -0.03, -1.53,    0,  0,    0, -5, -1.20, 44.6812256, 37.7940896, 6.60, 29.60,  1, 0.0, 0.0,  0, -5;
1979.2, 0.01, 243.8, 8.3, -0.6, 284.0, 74.9, -0.03, -1.53,    0,  0,    0, -5, -1.40, 44.6812256, 37.7940896, 7.70, 28.60,  1, 0.0, 0.0,  0, -5;
1979.7, 0.04, 243.8, 8.3, -0.6, 284.0, 68.5, -0.03, -1.53,    0,  0,    0, -5, -1.30, 44.6812288, 37.7940896, 7.00, 27.80,  1, 0.0, 0.0,  0, -5;
1980.3, 0.04, 243.8, 8.3, -0.7, 282.4, 69.3, -0.03, -1.53,    0,  0,    0, -5, -1.30, 44.6812288, 37.7940896, 7.30, 29.30,  1, 0.0, 0.0,  0, -5;
1980.8, 0.03, 243.8, 8.3, -0.7, 282.4, 71.6, -0.03, -1.53,    0,  0,    0, -5, -0.80, 44.6812256, 37.7940896, 6.30, 28.90,  1, 0.0, 0.0,  0, -5;
1981.3, 0.03, 243.8, 8.3, -0.8, 281.5, 62.5, -0.03, -1.57,    0,  0,    0, -5, -1.50, 44.6812256, 37.7940896, 9.10, 27.50,  1, 0.0, 0.0,  0, -5;
1981.8, 0.04, 243.8, 8.3, -0.9, 280.7, 64.7, -0.03, -1.49,    0,  0,    0, -5, -1.30, 44.6812288, 37.7940896, 8.80, 28.60,  1, 0.0, 0.0,  0, -5;
1982.3, 0.04, 243.8, 7.4, -0.1, 280.7, 64.4, -0.03, -1.53,    0,  0,    0, -5, -1.00, 44.6812288, 37.7940896, 8.40, 27.50,  1, 0.0, 0.0,  0, -5;
1982.8, 0.03, 243.8, 8.3, -0.9, 279.9, 41.9, -0.03, -1.57,    0,  0,    0, -5, -0.80, 44.6812256, 37.7940896, 9.50, 27.50,  1, 0.0, 0.0,  0, -5;
1983.3, 0.03, 243.8, 9.1, -0.1, 279.1, 43.0, -0.03, -1.57,    0,  0,    0, -5, -1.00, 44.6812256, 37.7940896, 9.50, 28.20,  1, 0.0, 0.0,  0, -5;
1983.9, 0.03, 243.8, 9.0, -0.2, 278.2, 41.4, -0.03, -1.57,    0,  0,    0, -5, -0.80, 44.6812288, 37.7940896, 10.20, 27.80,  1, 0.0, 0.0,  0, -5;
1984.4, 0.03, 243.8, 8.1, 0.6, 278.1, 42.6, -0.03, -1.53,    0,  0,    0, -5, -1.40, 44.6812288, 37.7940896, 9.80, 28.20,  1, 0.0, 0.0,  0, -5;
1984.9, 0.07, 243.8, 9.1, -0.2, 277.4, 41.5, -0.03, -1.53,    0,  0,    0, -5, -1.10, 44.6812288, 37.7940896, 9.80, 27.50,  1, 0.0, 0.0,  0, -5;
1985.4, 0.07, 243.8, 8.1, 0.5, 276.5, 42.2, -0.03, -1.53,    0,  0,    0, -5, -1.40, 44.6812288, 37.7940896, 10.10, 28.20,  1, 0.0, 0.0,  0, -5;
1985.9, 0.06, 243.8, 7.4, -0.4, 275.8, 39.8, -0.03, -1.57,    0,  0,    0, -5, -1.00, 44.6812288, 37.7940896, 10.50, 27.10,  1, 0.0, 0.0,  0, -5;
1986.4, 0.06, 243.8, 9.0, -0.4, 274.9, 43.2, -0.03, -1.57,    0,  0,    0, -5, -1.30, 44.6812288, 37.7940896, 9.80, 28.60,  1, 0.0, 0.0,  0, -5;
1986.9, 0.11, 243.8, 9.0, -0.4, 274.9, 39.5, -0.03, -1.57,    0,  0,    0, -5, -0.70, 44.6812320, 37.7940896, 11.60, 27.80,  1, 0.0, 0.0,  0, -5;
1987.5, 0.11, 243.8, 8.2, 0.3, 274.1, 37.2, -0.03, -1.53,    0,  0,    0, -5, -1.30, 44.6812320, 37.7940896, 11.60, 26.40,  1, 0.0, 0.0,  0, -5;
1988.0, 0.04, 243.8, 8.2, 0.2, 273.3, 36.7, -0.03, -1.53,    0,  0,    0, -5, -1.20, 44.6812320, 37.7940864, 12.00, 26.40,  1, 0.0, 0.0,  0, -5;
1988.5, 0.04, 243.8, 8.2, 0.2, 273.3, 35.5, -0.03, -1.49,    0,  0,    0, -5, -1.10, 44.6812320, 37.7940864, 12.00, 25.70,  1, 0.0, 0.0,  0, -5;
1989.0, 0.03, 243.8, 8.2, 0.1, 271.6, 35.8, -0.03, -1.57,    0,  0,    0, -5, -1.20, 44.6812320, 37.7940864, 12.30, 26.10,  1, 0.0, 0.0,  0, -5;
1989.5, 0.03, 243.8, 8.2, 0.1, 271.6, 36.9, -0.03, -1.53,    0,  0,    0, -5, -1.30, 44.6812320, 37.7940864, 13.30, 27.50,  1, 0.0, 0.0,  0, -5;
1990.0, 0.00, 243.8, 8.2, 0.0, 270.0, 34.5, -0.03, -1.53,    0,  0,    0, -5, -1.20, 44.6812320, 37.7940832, 13.40, 26.10,  1, 0.0, 0.0,  0, -5;
1990.5, 0.00, 243.8, 8.2, 0.0, 270.0, 36.9, -0.03, -1.53,    0,  0,    0, -5, -1.20, 44.6812320, 37.7940832, 13.30, 27.50,  1, 0.0, 0.0,  0, -5;
1991.1, 0.04, 243.8, 8.2, 0.0, 270.0, 35.5, -0.03, -1.57,    0,  0,    0, -5, -1.10, 44.6812320, 37.7940800, 12.60, 26.10,  1, 0.0, 0.0,  0, -5;
1991.6, 0.04, 243.8, 8.2, -0.1, 268.4, 35.3, -0.03, -1.57,    0,  0,    0, -5, -1.60, 44.6812320, 37.7940800, 13.70, 26.80,  1, 0.0, 0.0,  0, -5;
1992.1, 0.02, 243.8, 8.2, -0.1, 268.4, 31.7, -0.03, -1.53,    0,  0,    0, -5, -1.30, 44.6812320, 37.7940736, 14.80, 25.30,  1, 0.0, 0.0,  0, -5;
1992.6, 0.02, 243.8, 8.2, -0.2, 266.7, 33.4, -0.03, -1.57,    0,  0,    0, -5, -1.70, 44.6812320, 37.7940736, 14.40, 26.10,  1, 0.0, 0.0,  0, -5;
1993.1, 0.00, 243.8, 8.2, -0.2, 266.7, 33.4, -0.03, -1.53,    0,  0,    0, -5, -1.40, 44.6812320, 37.7940704, 14.40, 26.10,  1, 0.0, 0.0,  0, -5;
1993.6, 0.00, 243.8, 8.2, -0.2, 266.7, 31.2, -0.03, -1.57,    0,  0,    0, -5, -1.30, 44.6812320, 37.7940704, 14.80, 25.00,  1, 0.0, 0.0,  0, -5;
1994.1, 0.02, 243.8, 8.2, -0.3, 265.1, 32.9, -0.03, -1.57,    0,  0,    0, -5, -1.40, 44.6812320, 37.7940672, 15.50, 26.50,  1, 0.0, 0.0,  0, -5;
1994.7, 0.02, 243.8, 8.2, -0.3, 265.1, 29.3, -0.03, -1.57,    0,  0,    0, -5, -1.40, 44.6812320, 37.7940672, 15.50, 24.30,  1, 0.0, 0.0,  0, -5;
1995.2, 0.01, 243.8, 8.1, -0.5, 263.5, 29.5, 0.00, -1.57,    0,  0,    0, -5, -1.30, 44.6812320, 37.7940640, 16.50, 25.00,  1, 0.0, 0.0,  0, -5;
1995.7, 0.06, 243.8, 8.1, -0.5, 263.5, 30.4, -0.03, -1.57,    0,  0,    0, -5, -1.40, 44.6812288, 37.7940672, 16.20, 25.40,  1, 0.0, 0.0,  0, -5;
1998.8, 0.04, 243.8, 8.2, -0.8, 259.4, 27.6, -0.03, -1.53,    0,  0,    0, -5, -1.10, 44.6812320, 37.7940640, 17.60, 24.40,  1, 0.0, 0.0,  0, -5;
1999.3, 0.04, 243.8, 8.1, -0.9, 257.7, 25.4, -0.03, -1.57,    0,  0,    0, -5, -1.10, 44.6812320, 37.7940640, 18.70, 23.60,  1, 0.0, 0.0,  0, -5;
1999.8, 0.02, 243.8, 9.0, -0.2, 257.7, 25.4, -0.03, -1.57,    0,  0,    0, -5, -1.30, 44.6812352, 37.7940640, 18.00, 23.30,  1, 0.0, 0.0,  0, -5;
2000.3, 0.02, 243.8, 9.0, -0.3, 256.1, 24.3, -0.03, -1.57,    0,  0,    0, -5, -1.20, 44.6812352, 37.7940640, 18.60, 22.90,  1, 0.0, 0.0,  0, -5;
2000.8, 0.03, 243.8, 9.0, -0.3, 256.1, 24.3, -0.03, -1.53,    0,  0,    0, -5, -1.50, 44.6812352, 37.7940608, 18.60, 22.90,  1, 0.0, 0.0,  0, -5;
2001.3, 0.03, 243.8, 7.4, -0.1, 256.1, 25.1, -0.03, -1.45,    0,  0,    0, -5, -1.40, 44.6812352, 37.7940608, 19.00, 23.60,  1, 0.0, 0.0,  0, -5;
2001.9, 0.06, 243.8, 7.4, -0.2, 254.4, 22.5, -0.03, -1.53,    0,  0,    0, -5, -1.10, 44.6812352, 37.7940608, 19.40, 22.20,  1, 0.0, 0.0,  0, -5;
2002.4, 0.06, 243.8, 9.0, -0.4, 254.5, 21.9, -0.03, -1.57,    0,  0,    0, -5, -1.40, 44.6812352, 37.7940608, 19.30, 21.80,  1, 0.0, 0.0,  0, -5;
2002.9, 0.00, 243.8, 8.4, 0.4, 253.5, 23.0, -0.03, -1.57,    0,  0,    0, -5, -1.00, 44.6812352, 37.7940544, 19.40, 22.50,  1, 0.0, 0.0,  0, -5;
2003.4, 0.00, 243.8, 7.4, -0.3, 252.8, 19.7, -0.03, -1.57,    0,  0,    0, -5, -1.30, 44.6812352, 37.7940544, 20.10, 20.80,  1, 0.0, 0.0,  0, -5;
2003.9, 0.01, 243.8, 7.4, -0.4, 251.9, 20.5, -0.03, -1.49,    0,  0,    0, -5, -1.10, 44.6812416, 37.7940512, 20.80, 21.50,  1, 0.0, 0.0,  0, -5;
2004.4, 0.01, 243.8, 8.3, 0.3, 251.9, 21.8, -0.03, -1.57,    0,  0,    0, -5, -1.20, 44.6812416, 37.7940512, 21.50, 22.60,  1, 0.0, 0.0,  0, -5;
2004.9, 0.03, 243.8, 8.3, 0.2, 250.3, 18.5, -0.03, -1.57,    0,  0,    0, -5, -1.30, 44.6812448, 37.7940480, 21.10, 20.40,  1, 0.0, 0.0,  0, -5;
2005.5, 0.03, 243.8, 8.3, 0.2, 250.3, 21.6, -0.03, -1.60,    0,  0,    0, -5, -1.00, 44.6812448, 37.7940480, 20.80, 22.20,  1, 0.0, 0.0,  0, -5;
2006.0, 0.02, 243.8, 8.3, 0.2, 250.3, 21.6, -0.03, -1.57,    0,  0,    0, -5, -1.00, 44.6812448, 37.7940448, 20.80, 22.20,  1, 0.0, 0.0,  0, -5;
2006.5, 0.02, 243.8, 8.4, 0.1, 249.3, 19.9, -0.03, -1.57,    0,  0,    0, -5, -1.30, 44.6812448, 37.7940448, 21.80, 21.50,  1, 0.0, 0.0,  0, -5;
2007.0, 0.01, 243.8, 8.3, 0.1, 248.7, 17.5, -0.03, -1.49,    0,  0,    0, -5, -0.80, 44.6812416, 37.7940416, 20.80, 19.70,  1, 0.0, 0.0,  0, -5;
2007.5, 0.01, 243.8, 8.4, 0.0, 247.7, 19.2, -0.03, -1.57,    0,  0,    0, -5, -1.00, 44.6812416, 37.7940416, 21.10, 20.80,  1, 0.0, 0.0,  0, -5;
2008.0, 0.04, 243.8, 8.4, 0.0, 247.7, 18.2, -0.03, -1.60,    0,  0,    0, -5, -1.10, 44.6812416, 37.7940416, 20.80, 20.10,  1, 0.0, 0.0,  0, -5;
2008.5, 0.04, 243.8, 8.4, 0.0, 247.7, 18.3, -0.03, -1.57,    0,  0,    0, -5, -0.50, 44.6812416, 37.7940416, 22.60, 20.80,  1, 0.0, 0.0,  0, -5;
2009.1, 0.02, 243.8, 8.3, -0.1, 246.1, 17.5, -0.03, -1.53,    0,  0,    0, -5, -1.30, 44.6812416, 37.7940416, 22.90, 20.40,  1, 0.0, 0.0,  0, -5;
2009.6, 0.02, 243.8, 8.3, -0.1, 246.1, 17.5, -0.03, -1.49,    0,  0,    0, -5, -0.70, 44.6812416, 37.7940416, 22.90, 20.40,  1, 0.0, 0.0,  0, -5;
2010.1, 0.01, 243.8, 8.3, -0.1, 246.1, 17.0, -0.03, -1.57,    0,  0,    0, -5, -0.50, 44.6812416, 37.7940416, 21.80, 19.70,  1, 0.0, 0.0,  0, -5;
2010.6, 0.01, 243.8, 8.4, -0.2, 245.1, 14.5, -0.03, -1.57,    0,  0,    0, -5, -0.70, 44.6812416, 37.7940416, 23.30, 18.60,  1, 0.0, 0.0,  0, -5;
2011.1, 0.03, 243.8, 8.3, -0.2, 244.5, 15.4, -0.03, -1.57,    0,  0,    0, -5, -1.10, 44.6812416, 37.7940416, 22.60, 19.00,  1, 0.0, 0.0,  0, -5;
2011.6, 0.03, 243.8, 8.3, -0.2, 244.5, 16.8, -0.03, -1.57,    0,  0,    0, -5, -0.70, 44.6812416, 37.7940416, 22.20, 19.70,  1, 0.0, 0.0,  0, -5;
2012.1, 0.04, 243.8, 8.3, -0.3, 243.5, 16.0, -0.03, -1.57,    0,  0,    0, -5, -0.60, 44.6812416, 37.7940384, 22.50, 19.30,  1, 0.0, 0.0,  0, -5;
2012.7, 0.04, 243.8, 8.3, -0.3, 243.5, 15.8, -0.03, -1.53,    0,  0,    0, -5, -1.00, 44.6812416, 37.7940384, 23.30, 19.40,  1, 0.0, 0.0,  0, -5;
2013.2, 0.02, 243.8, 8.3, -0.3, 243.5, 15.6, 0.07, -1.49,    0,  0,    0, -5, -0.50, 44.6812416, 37.7940384, 23.60, 19.40,  1, 0.0, 0.0,  0, -5;
2013.7, 0.02, 243.8, 8.3, -0.4, 242.0, 16.9, 0.11, -1.45,    0,  0,    0, -5, -1.90, 44.6812416, 37.7940384, 23.30, 20.10,  1, 0.0, 0.0,  0, -5;
2014.2, 0.05, 243.8, 7.8, 0.5, 240.9, 13.9, 0.07, -1.41,  875,  0,  412, -5, -2.20, 44.6812448, 37.7940384, 23.60, 18.30,  1, 0.0, 0.0,  0, -5;
2014.7, 0.15, 243.8, 7.7, 0.4, 239.3, 13.2, 0.07, -1.41,  875,  0,  412, -5, -2.90, 44.6812448, 37.7940320, 25.40, 18.30,  1, 0.0, 0.0,  0, -5;
2015.2, 0.15, 243.8, 7.7, 0.3, 237.8, 11.6, 0.07, -1.45, 1104,  0,  510, -5, -3.40, 44.6812448, 37.7940320, 25.00, 17.20,  1, 0.0, 0.0,  0, -5;
2015.8, 0.18, 243.8, 7.8, 0.2, 236.7, 8.9, 0.07, -1.45, 1104,  0,  510, -5, -3.90, 44.6812448, 37.7940288, 25.00, 15.50,  1, 0.0, 0.0,  0, -5;
2016.3, 0.18, 243.8, 7.8, 0.1, 234.2, 9.6, 0.07, -1.41, 1113,  0,  505, -5, -4.40, 44.6812448, 37.7940288, 26.50, 16.20,  1, 0.0, 0.0,  0, -5;
2016.8, 0.29, 243.8, 7.3, 0.9, 231.5, 7.8, 0.07, -1.41, 1113,  0,  505, -5, -4.70, 44.6812448, 37.7940256, 27.10, 15.10,  1, 0.0, 0.0,  0, -5;
2017.3, 0.29, 243.8, 7.3, 0.8, 228.9, 5.7, 0.07, -1.41, 1122,  0,  498, -5, -5.40, 44.6812448, 37.7940256, 26.80, 13.70,  1, 0.0, 0.0,  0, 15;
2017.8, 0.43, 243.8, 7.3, 0.6, 226.4, 5.7, 0.03, -1.41, 1122,  0,  498, -5, -5.50, 44.6812480, 37.7940256, 26.80, 13.70,  1, 0.0, 0.0,  0, 15;
2018.3, 0.43, 243.8, 7.3, 0.4, 223.8, 5.6, 0.03, -1.37, 1126,  0,  510, 15, -3.40, 44.6812480, 37.7940256, 27.50, 13.70,  1, 0.0, 0.0,  0, 15;
2018.8, 0.51, 323.9, 7.3, 0.4, 222.7, 3.5, 0.03, -1.45, 1115,  0,  511, 15, -0.00, 44.6812512, 37.7940224, 27.80, 12.30,  1, 0.0, 0.0,  0, 15;
2019.3, 0.51, 323.9, 7.3, 0.4, 222.7, 3.5, 0.03, -1.45, 1115,  0,  511, 15, 2.20, 44.6812512, 37.7940224, 27.10, 12.30,  1, 0.0, 0.0,  0, 15;
2019.9, 0.58, 347.8, 7.3, 0.4, 223.8, 5.2, 0.00, -1.45, 1156,  0,  513, 15, 4.20, 44.6812576, 37.7940256, 26.50, 13.30,  1, 0.0, 0.0,  0, 15;
2020.4, 0.58, 347.8, 7.3, 0.7, 227.4, 4.0, 0.00, -1.45, 1156,  0,  513, 15, 7.00, 44.6812576, 37.7940256, 27.10, 12.60,  1, 0.0, 0.0,  0, 15;
2020.9, 0.60, 3.2, 7.8, -0.1, 231.6, 7.7, 0.00, -1.49, 1153,  0,  525, 15, 9.00, 44.6812640, 37.7940256, 25.40, 14.80,  1, 0.0, 0.0,  0, 15;
2021.4, 0.60, 3.2, 7.8, 0.2, 236.7, 9.5, -0.03, -1.53, 1153,  0,  525, 15, 11.00, 44.6812640, 37.7940256, 24.70, 15.80,  1, 0.0, 0.0,  0, 15;
2021.9, 0.56, 11.3, 7.7, 0.7, 243.5, 13.2, 0.00, -1.53, 1175,  0,  525, 15, 12.40, 44.6812672, 37.7940256, 22.50, 17.60,  1, 0.0, 0.0,  0, -11;
2022.4, 0.56, 11.3, 8.3, 0.2, 250.3, 18.7, 0.00, -1.53, 1175,  0,  525, 15, 13.70, 44.6812672, 37.7940256, 20.80, 20.40,  1, 0.0, 0.0,  0, -29;
2022.9, 0.73, 33.8, 8.3, 0.7, 256.9, 23.8, 0.00, -1.53, 1175,  0,  534, 15, 14.40, 44.6812736, 37.7940320, 18.60, 22.60,  1, 0.0, 0.0,  0, -29;
2023.5, 0.73, 33.8, 3.9, -1.4, 252.9, 12.1, 0.00, -1.18, 1175,  0,  534, -29, -10.40, 44.6812736, 37.7940320, 20.40, 16.50,  1, 0.0, 0.0,  0, -29;
2024.0, 0.26, 33.8, 15.1, 0.0, 245.1, 16.9, 0.03, -2.14, 1107,  0,  508, -29, -12.50, 44.6812832, 37.7940384, 19.70, 19.00,  1, 0.0, 0.0,  0, -29;
2024.5, 0.26, 33.8, 15.1, -0.7, 240.0, 19.1, 0.07, -2.10, 1107,  0,  508, -29, -10.70, 44.6812832, 37.7940384, 20.00, 20.40,  1, 0.0, 0.0,  0, -29;
2025.0, 0.29, 33.8, 10.9, -0.9, 234.3, 10.6, 0.03, -1.68, 1115,  0,  509, -29, -9.50, 44.6812832, 37.7940384, 21.10, 15.80,  1, 0.0, 0.0,  0, -29;
2025.5, 0.29, 33.8, 4.1, -0.6, 230.1, 4.0, 0.03, -1.22, 1115,  0,  509, -29, -10.20, 44.6812832, 37.7940384, 22.90, 12.30,  1, 0.0, 0.0,  0, -29;
2026.0, 0.32, 33.8, 6.2, 0.0, 223.8, 4.0, 0.03, -1.30, 1108,  0,  501, -29, -11.90, 44.6812896, 37.7940384, 22.50, 12.30,  1, 0.0, 0.0,  0, -29;
2026.6, 0.32, 33.8, 9.8, -0.3, 217.6, 3.3, 0.03, -1.68, 1108,  0,  501, -29, -12.70, 44.6812896, 37.7940384, 24.60, 12.00,  1, 0.0, 0.0,  0, -29;
2027.1, 0.38, 33.8, 9.6, 0.2, 210.6, 358.1, 0.03, -1.64, 1116,  0,  501, -29, -14.30, 44.6812928, 37.7940384, 25.30, 8.80,  1, 0.0, 0.0,  0, -29;
2027.6, 0.38, 33.8, 8.2, 0.5, 203.3, 354.3, 0.03, -1.49, 1116,  0,  501, -29, -17.10, 44.6812928, 37.7940384, 24.00, 6.60,  1, 0.0, 0.0,  0, -29;
2028.1, 0.43, 26.8, 7.0, 0.0, 199.7, 353.7, 0.03, -1.49, 1114,  0,  498, -29, -1.50, 44.6812928, 37.7940288, 17.20, 7.00,  1, 0.0, 0.0,  0, -29;
2028.6, 0.43, 26.8, 9.3, 0.3, 198.5, 20.6, 0.00, -1.72, 1114,  0,  498, -29, -2.90, 44.6812928, 37.7940288, 14.00, 19.00,  1, 0.0, 0.0,  0, -29;
2029.1, 0.37, 5.6, 9.3, 0.2, 196.2, 4.9, 0.00, -1.72, 1128,  0,  505, -29, -4.10, 44.6812960, 37.7940288, 36.30, 14.00,  1, 0.0, 0.0,  0, -29;
2029.6, 0.37, 5.6, 9.3, -0.0, 194.0, 353.7, 0.00, -1.72, 1128,  0,  505, -29, -5.30, 44.6812960, 37.7940288, 39.80, 4.50,  1, 0.0, 0.0,  0, -29;
2030.1, 0.43, 5.6, 9.1, 0.9, 191.5, 346.8, 0.00, -1.68, 1138,  0,  510, -29, -6.00, 44.6813024, 37.7940256, 37.00, -1.00,  1, 0.0, 0.0,  0, -29;
2030.7, 0.43, 5.6, 10.3, 0.7, 188.0, 343.2, 0.00, -1.80, 1138,  0,  510, -29, -7.30, 44.6813024, 37.7940256, 34.60, -3.50,  1, 0.0, 0.0,  0, -29;
2031.2, 0.44, 5.6, 8.1, 0.2, 183.5, 336.0, 0.03, -1.49, 1126,  0,  509, -29, -11.70, 44.6813056, 37.7940224, 31.30, -8.40,  1, 0.0, 0.0,  0, -29;
2031.7, 0.44, 5.6, 8.1, -0.2, 176.5, 329.6, 0.03, -1.49, 1126,  0,  509, -29, -15.50, 44.6813056, 37.7940224, 26.80, -11.60,  1, 0.0, 0.0,  0, -34;
2032.2, 0.46, 342.4, 8.1, 0.3, 168.4, 322.7, 0.00, -1.49, 1120,  0,  499, -29, -17.60, 44.6813088, 37.7940192, 19.30, -12.30,  1, 0.0, 0.0,  0, -34;
2032.7, 0.40, 342.4, 8.2, -0.3, 159.0, 315.0, 0.03, -1.49, 1120,  0,  499, -29, -19.30, 44.6813088, 37.7940128, 12.30, -12.30,  1, 0.0, 0.0,  0, -35;
2033.2, 0.40, 342.4, 7.3, 0.4, 149.7, 305.6, 0.00, -1.45, 1110,  0,  506, -34, -18.90, 44.6813088, 37.7940128, 5.20, -11.20,  1, 0.0, 0.0,  0, -35;
2033.8, 0.32, 342.4, 7.3, -0.2, 139.8, 293.4, 0.00, -1.45, 1110,  0,  506, -34, -19.00, 44.6813120, 37.7940096, -1.30, -10.10,  1, 0.0, 0.0,  0, -35;
2034.3, 0.32, 342.4, 7.7, 0.2, 130.0, 287.3, 0.00, -1.49, 1124,  0,  504, -35, -19.30, 44.6813120, 37.7940096, -4.50, -7.70,  1, 0.0, 0.0,  0, -35;
2034.8, 0.35, 299.4, 8.3, 0.4, 118.0, 273.0, 0.00, -1.45, 1124,  0,  504, -35, -19.50, 44.6813120, 37.7940000, -9.10, -7.30,  1, 0.0, 0.0,  0, -35;
2035.3, 0.35, 299.4, 7.4, 0.4, 108.1, 255.6, 0.00, -1.41, 1108,  0,  506, -35, -19.00, 44.6813120, 37.7940000, -14.10, -6.00,  1, 0.0, 0.0,  0, -13;
2035.8, 0.39, 268.8, 7.4, -0.3, 98.2, 236.7, 0.00, -1.45, 1108,  0,  506, -35, -18.90, 44.6813088, 37.7940000, -18.60, -3.10,  1, 0.0, 0.0,  0, -13;
2036.3, 0.39, 268.8, 7.4, 0.7, 88.3, 225.5, 0.00, -1.41, 1126,  0,  496, -35, -18.60, 44.6813088, 37.7940000, -20.80, -1.00,  1, 0.0, 0.0,  0, -13;
2036.8, 0.34, 245.8, 7.4, 0.1, 79.3, 209.6, 0.00, -1.41, 1109,  0,  507, -35, -18.60, 44.6813120, 37.7940128, -25.30, 1.30,  1, 0.0, 0.0,  0, -13;
2037.4, 0.34, 245.8, 8.3, 0.2, 70.3, 197.7, 0.00, -1.49, 1109,  0,  507, -35, -18.40, 44.6813120, 37.7940128, -28.50, 4.10,  1, 0.0, 0.0,  0, -13;
2037.9, 0.39, 222.4, 7.8, 0.5, 60.9, 186.4, 0.03, -1.45, 1111,  0,  507, -13, -16.10, 44.6813120, 37.7940128, -30.60, 7.70,  1, 0.0, 0.0,  0, -13;
2038.4, 0.39, 222.4, 7.8, -0.1, 51.6, 182.3, 0.03, -1.49, 1111,  0,  507, -13, -13.50, 44.6813120, 37.7940128, -32.10, 9.10,  1, 0.0, 0.0,  0, -13;
2038.9, 0.51, 208.8, 8.4, 1.0, 45.3, 177.1, 0.03, -1.49, 1120,  0,  508, -13, -12.40, 44.6813056, 37.7940128, -33.50, 11.20,  1, 0.0, 0.0,  0, -13;
2039.4, 0.51, 208.8, 8.4, 0.5, 39.0, 176.2, 0.03, -1.49, 1120,  0,  508, -13, -12.30, 44.6813056, 37.7940128, -34.20, 11.60,  1, 0.0, 0.0,  0, -13;
2039.9, 0.54, 195.7, 8.1, 1.2, 32.8, 168.6, 0.03, -1.45, 1117,  0,  510, -13, -13.00, 44.6813024, 37.7940192, -35.30, 15.10,  1, 0.0, 0.0,  0, -13;
2040.4, 0.54, 195.7, 8.1, 0.7, 25.5, 163.9, 0.03, -1.45, 1117,  0,  510, -13, -13.50, 44.6813024, 37.7940192, -36.30, 17.60,  1, 0.0, 0.0,  0, -35;
2041.0, 0.50, 184.8, 8.1, 0.2, 18.5, 160.1, 0.03, -1.45, 1122,  0,  510, -13, -13.50, 44.6813024, 37.7940256, -36.00, 19.40,  1, 0.0, 0.0,  0, -35;
2041.5, 0.50, 184.8, 8.0, 0.8, 11.5, 155.1, 0.00, -1.49, 1122,  0,  510, -35, -15.80, 44.6813024, 37.7940256, -34.80, 21.50,  1, 0.0, 0.0,  0, -35;
2042.0, 0.44, 180.3, 8.1, 0.1, 1.2, 147.1, 0.00, -1.41, 1095,  0,  507, -35, -18.40, 44.6812928, 37.7940288, -32.10, 24.30,  1, 0.0, 0.0,  0, -35;
2042.5, 0.44, 180.3, 8.1, -0.5, 353.1, 140.2, 0.00, -1.41, 1095,  0,  507, -35, -20.00, 44.6812928, 37.7940288, -29.30, 26.10,  1, 0.0, 0.0,  0, -35;
2043.0, 0.40, 178.6, 8.2, -0.1, 342.6, 129.2, -0.03, -1.45, 1122,  0,  511, -35, -20.10, 44.6812896, 37.7940288, -25.40, 28.90,  1, 0.0, 0.0,  0, -35;
2043.5, 0.40, 178.6, 7.0, -0.5, 333.1, 116.5, 0.00, -1.41, 1122,  0,  511, -35, -20.10, 44.6812896, 37.7940288, -20.10, 30.30,  1, 0.0, 0.0,  0, -35;
2044.0, 0.36, 178.6, 7.3, -0.0, 322.4, 103.2, 0.00, -1.45, 1121,  0,  517, -35, -20.10, 44.6812896, 37.7940320, -15.10, 31.70,  1, 0.0, 0.0,  0, -35;
2044.6, 0.36, 178.6, 7.7, 0.4, 312.5, 90.3, -0.03, -1.45, 1121,  0,  517, -35, -19.90, 44.6812896, 37.7940320, -10.10, 31.40,  1, 0.0, 0.0,  0, -35;
2045.1, 0.13, 178.6, 7.7, -0.3, 302.2, 73.6, 0.00, -1.49, 1122,  0,  502, -35, -19.40, 44.6812864, 37.7940320, -3.80, 31.00,  1, 0.0, 0.0,  0, -35;
2045.6, 0.13, 178.6, 7.4, 0.5, 289.7, 59.7, 0.00, -1.45, 1122,  0,  502, -35, -19.50, 44.6812864, 37.7940320, 1.70, 30.00,  1, 0.0, 0.0,  0, -35;
2046.1, 0.40, 116.9, 7.4, -0.2, 279.8, 47.0, 0.00, -1.45, 1110,  0,  516, -35, -19.50, 44.6812896, 37.7940416, 6.60, 27.80,  1, 0.0, 0.0,  0, -35;
2046.6, 0.40, 116.9, 8.2, 0.0, 270.0, 32.9, 0.00, -1.49, 1110,  0,  516, -35, -18.90, 44.6812896, 37.7940416, 12.60, 24.60,  1, 0.0, 0.0,  0, -35;
2047.1, 0.40, 78.7, 7.4, 0.2, 260.2, 23.8, 0.00, -1.45, 1104,  0,  502, -35, -19.10, 44.6812928, 37.7940448, 17.00, 21.90,  1, 0.0, 0.0,  0, -35;
2047.6, 0.40, 78.7, 7.3, -0.4, 251.2, 18.3, 0.00, -1.45, 1104,  0,  502, -35, -18.20, 44.6812928, 37.7940448, 20.50, 20.10,  1, 0.0, 0.0,  0, -35;
2048.2, 0.43, 64.7, 7.7, 0.6, 241.9, 10.7, 0.03, -1.49, 1127,  0,  510, -35, -17.60, 44.6812928, 37.7940448, 23.30, 16.30,  1, 0.0, 0.0,  0, -35;
2048.7, 0.43, 64.7, 7.7, -0.0, 232.6, 6.7, 0.00, -1.53, 1127,  0,  510, -35, -17.70, 44.6812928, 37.7940448, 25.00, 14.10,  1, 0.0, 0.0,  0, -35;
2049.2, 0.37, 45.5, 8.4, 0.8, 222.7, 1.9, 0.03, -1.49, 1125,  0,  510, -35, -17.50, 44.6812960, 37.7940480, 26.50, 11.20,  1, 0.0, 0.0,  0, -35;
2049.7, 0.37, 45.5, 8.4, 0.1, 212.8, 359.2, 0.00, -1.49, 1125,  0,  510, -35, -17.90, 44.6813024, 37.7940480, 26.10, 9.50,  1, 0.0, 0.0,  0, -35;
2050.2, 0.37, 45.5, 8.2, 0.5, 203.3, 357.1, 0.00, -1.45, 1117,  0,  504, -35, -18.10, 44.6813024, 37.7940480, 27.50, 8.10,  1, 0.0, 0.0,  0, -35;
2050.7, 0.41, 45.5, 8.0, 1.1, 195.0, 349.5, 0.00, -1.49, 1117,  0,  504, -35, -17.30, 44.6813056, 37.7940448, 28.90, 2.80,  1, 0.0, 0.0,  0, -35;
2051.2, 0.41, 45.5, 8.1, 0.4, 185.8, 343.9, 0.00, -1.60, 1117,  0,  504, -35, -17.40, 44.6813056, 37.7940448, 28.20, -1.00,  1, 0.0, 0.0,  0, -35;
2051.8, 0.42, 45.5, 9.2, -0.2, 177.7, 336.4, 0.00, -1.60, 1117,  0,  504, -35, -18.20, 44.6813088, 37.7940416, 25.70, -5.60,  1, 0.0, 0.0,  0, -35;
2052.3, 0.42, 45.5, 8.2, 0.2, 167.2, 327.3, 0.00, -1.49, 1104,  0,  495, -35, -18.20, 44.6813088, 37.7940416, 19.70, -9.10,  1, 0.0, 0.0,  0, -35;
2052.8, 0.37, 45.5, 7.0, -0.2, 157.8, 321.9, 0.00, -1.45, 1104,  0,  495, -35, -18.80, 44.6813088, 37.7940384, 14.40, -9.10,  1, 0.0, 0.0,  0, -35;
2053.3, 0.37, 45.5, 7.3, 0.3, 148.2, 312.0, 0.00, -1.45, 1124,  0,  498, -35, -17.60, 44.6813088, 37.7940384, 9.10, -11.20,  1, 0.0, 0.0,  0, -35;
2053.8, 0.35, 45.5, 8.4, -0.6, 139.9, 304.8, 0.00, -1.53, 1124,  0,  498, -35, -18.10, 44.6813088, 37.7940320, 4.50, -10.90,  1, 0.0, 0.0,  0, -35;
2054.3, 0.35, 45.5, 7.7, 0.2, 130.0, 289.9, 0.00, -1.49, 1108,  0,  496, -35, -18.00, 44.6813088, 37.7940320, -3.10, -9.10,  1, 0.0, 0.0,  0, -35;
2054.8, 0.43, 324.6, 7.7, -0.4, 120.7, 276.3, 0.00, -1.49, 1109,  0,  502, -35, -18.20, 44.6813088, 37.7940288, -8.00, -8.00,  1, 0.0, 0.0,  0, -3;
2055.4, 0.43, 324.6, 8.3, -0.1, 111.3, 261.8, 0.00, -1.53, 1109,  0,  502, -3, -18.10, 44.6813088, 37.7940288, -12.30, -6.00,  1, 0.0, 0.0,  0, -3;
2055.9, 0.49, 271.4, 7.4, -0.1, 101.4, 244.8, 0.07, -1.53, 1092,  0,  500, -3, -13.30, 44.6813088, 37.7940224, -16.50, -3.80,  1, 0.0, 0.0,  0, -3;
2056.4, 0.49, 271.4, 8.1, 0.5, 96.5, 234.0, 0.07, -1.53, 1092,  0,  500, -3, -9.50, 44.6813088, 37.7940224, -19.00, -2.40,  1, 0.0, 0.0,  0, -5;
2056.9, 0.35, 263.1, 8.2, 0.1, 91.6, 228.2, 0.03, -1.53, 1116,  0,  501, -5, -7.90, 44.6813056, 37.7940192, -20.10, -1.30,  1, 0.0, 0.0,  0, -5;
2057.4, 0.35, 263.1, 8.2, -0.1, 88.4, 219.6, 0.03, -1.49, 1116,  0,  501, -5, -7.20, 44.6813056, 37.7940192, -22.10, 0.00,  1, 0.0, 0.0,  0, -5;
2057.9, 0.23, 263.1, 7.4, 0.4, 83.4, 215.2, 0.07, -1.53, 1118,  0,  489, -5, -7.60, 44.6813024, 37.7940128, -24.60, -0.30,  1, 0.0, 0.0,  0, -5;
2058.5, 0.23, 263.1, 8.3, 0.9, 80.1, 208.7, 0.07, -1.49, 1118,  0,  489, -5, -7.90, 44.6813024, 37.7940128, -24.60, 2.00,  1, 0.0, 0.0,  0, -5;
2059.0, 0.32, 229.7, 8.3, 0.6, 76.0, 200.9, 0.03, -1.53, 1113,  0,  496, -5, -9.00, 44.6812960, 37.7940064, -28.90, 2.80,  1, 0.0, 0.0,  0, -5;
2059.5, 0.32, 229.7, 8.3, 0.2, 70.3, 198.2, 0.00, -1.45, 1113,  0,  496, -5, -9.10, 44.6812960, 37.7940064, -28.90, 3.80,  1, 0.0, 0.0,  0, -5;
2060.0, 0.39, 214.6, 7.7, 0.9, 66.0, 189.8, 0.03, -1.49, 1110,  0,  490, -5, -9.00, 44.6812896, 37.7940000, -31.40, 6.30,  1, 0.0, 0.0,  0, -5;
2060.5, 0.39, 214.6, 7.8, 0.5, 60.9, 188.4, 0.03, -1.45, 1110,  0,  490, -5, -9.60, 44.6812896, 37.7940000, -33.10, 6.60,  1, 0.0, 0.0,  0, -5;
2061.0, 0.61, 191.2, 7.7, 0.1, 55.2, 184.7, 0.03, -1.49, 1114,  0,  489, -5, -9.60, 44.6812864, 37.7940000, -34.10, 8.00,  1, 0.0, 0.0,  0, -5;
2061.5, 0.61, 191.2, 8.8, 0.3, 50.0, 178.0, 0.03, -1.49, 1114,  0,  489, -5, -11.40, 44.6812864, 37.7940000, -36.00, 10.90,  1, 0.0, 0.0,  0, -5;
2062.1, 0.74, 183.1, 8.3, 0.9, 44.8, 173.7, 0.03, -1.49, 1119,  0,  493, -5, -11.60, 44.6812768, 37.7939936, -37.00, 13.00,  1, 0.0, 0.0,  0, -5;
2062.6, 0.74, 183.1, 7.3, 0.1, 38.7, 171.1, 0.00, -1.45, 1119,  0,  493, -5, -11.60, 44.6812768, 37.7939936, -36.30, 14.10,  1, 0.0, 0.0,  0, -5;
2063.1, 0.66, 181.0, 8.1, 1.1, 31.7, 167.6, 0.03, -1.45, 1122,  0,  502, -5, -11.30, 44.6812704, 37.7939936, -36.30, 15.80,  1, 0.0, 0.0,  0, -5;
2063.6, 0.66, 181.0, 8.1, 0.7, 25.5, 162.6, 0.03, -1.45, 1122,  0,  502, -5, -11.00, 44.6812704, 37.7939936, -35.60, 18.00,  1, 0.0, 0.0,  0, -5;
2064.1, 0.63, 174.3, 8.1, 0.2, 19.7, 157.6, 0.00, -1.45, 1116,  0,  504, -5, -11.40, 44.6812672, 37.7940064, -33.50, 19.70,  1, 0.0, 0.0,  0, -5;
2064.6, 0.63, 174.3, 8.1, 1.0, 13.9, 153.2, 0.00, -1.45, 1116,  0,  504, -5, -11.30, 44.6812672, 37.7940064, -32.80, 21.50,  1, 0.0, 0.0,  0, -5;
2065.1, 0.56, 173.4, 8.0, 0.6, 8.0, 146.9, 0.00, -1.45, 1125,  0,  501, -5, -11.50, 44.6812640, 37.7940064, -29.20, 22.50,  1, 0.0, 0.0,  0, -5;
2065.6, 0.56, 173.4, 8.1, 0.2, 2.3, 141.2, 0.00, -1.49, 1125,  0,  501, -5, -11.30, 44.6812640, 37.7940064, -27.80, 24.30,  1, 0.0, 0.0,  0, -5;
2066.2, 0.69, 164.1, 8.1, -0.2, 357.7, 132.2, 0.00, -1.41, 1123,  0,  508, -5, -11.50, 44.6812544, 37.7940096, -24.60, 26.10,  1, 0.0, 0.0,  0, -5;
2066.7, 0.69, 164.1, 8.0, -0.6, 350.8, 126.9, 0.00, -1.45, 1123,  0,  508, -5, -11.60, 44.6812544, 37.7940096, -21.80, 25.70,  1, 0.0, 0.0,  0, -5;
2067.2, 0.68, 153.9, 8.0, -1.1, 345.0, 119.0, 0.00, -1.45, 1133,  0,  507, -5, -12.00, 44.6812512, 37.7940128, -19.70, 27.50,  1, 0.0, 0.0,  0, -5;
2067.7, 0.55, 153.9, 8.2, -0.4, 337.9, 116.7, 0.00, -1.41, 1133,  0,  507, -5, -12.10, 44.6812480, 37.7940224, -18.60, 27.10,  1, 0.0, 0.0,  0, -5;
2068.2, 0.55, 153.9, 8.1, -0.8, 332.0, 104.9, 0.00, -1.41, 1131,  0,  507, -5, -11.50, 44.6812480, 37.7940224, -15.10, 29.20,  1, 0.0, 0.0,  0, -5;
2068.7, 0.65, 137.5, 7.3, 0.2, 326.0, 97.3, 0.00, -1.45, 1131,  0,  507, -5, -11.70, 44.6812448, 37.7940288, -12.60, 30.30,  1, 0.0, 0.0,  0, -5;
2069.2, 0.65, 137.5, 7.3, -0.2, 319.8, 92.5, 0.00, -1.41, 1111,  0,  505, -5, -11.70, 44.6812448, 37.7940288, -10.90, 30.30,  1, 0.0, 0.0,  0, -5;
2069.8, 0.62, 120.5, 7.7, 0.4, 312.5, 81.0, 0.00, -1.45, 1111,  0,  505, -5, -11.90, 44.6812416, 37.7940320, -6.60, 31.40,  1, 0.0, 0.0,  0, -5;
2070.3, 0.62, 120.5, 7.7, 0.0, 307.4, 72.8, 0.00, -1.41, 1126,  0,  499, -5, -11.50, 44.6812416, 37.7940320, -3.80, 30.00,  1, 0.0, 0.0,  0, -5;
2070.8, 0.58, 110.2, 7.7, -0.4, 300.7, 63.6, 0.00, -1.37, 1126,  0,  499, -5, -12.30, 44.6812416, 37.7940384, -0.60, 28.90,  1, 0.0, 0.0,  0, -5;
2071.3, 0.58, 110.2, 7.7, -0.9, 294.0, 48.9, 0.00, -1.41, 1123,  0,  509, -5, -13.20, 44.6812416, 37.7940384, 3.80, 25.80,  1, 0.0, 0.0,  0, -5;
2071.8, 0.30, 110.2, 7.4, 0.4, 288.1, 39.7, -0.03, -1.45, 1123,  0,  509, -5, -13.00, 44.6812352, 37.7940416, 6.00, 23.30,  1, 0.0, 0.0,  0, -5;
2072.3, 0.30, 110.2, 12.4, -1.3, 280.8, 42.5, -0.03, -2.29, 1104,  0,  499, -5, -7.30, 44.6812352, 37.7940416, 5.60, 24.30,  1, 0.0, 0.0,  0, -5;
2072.9, 0.15, 110.2, 13.2, -0.8, 277.5, 40.2, -0.03, -2.41,   26,  0,   15, -5, -5.10, 44.6812352, 37.7940416, 7.30, 24.60,  1, 0.0, 0.0,  0, -5;
2073.4, 0.15, 110.2, 13.2, -1.0, 275.9, 39.9, -0.03, -2.33,   26,  0,   15, -5, -2.10, 44.6812352, 37.7940416, 8.40, 25.40,  1, 0.0, 0.0,  0, -5;
2073.9, 0.24, 110.2, 12.3, -0.4, 274.2, 39.0, 0.00, -2.29,    0,  0,    0, -5, -1.40, 44.6812352, 37.7940384, 9.50, 25.80,  1, 0.0, 0.0,  0, -5;
2074.4, 0.24, 110.2, 12.3, -0.4, 274.2, 40.1, 0.00, -2.33,    0,  0,    0, -5, -0.40, 44.6812352, 37.7940384, 9.10, 26.10,  1, 0.0, 0.0,  0, -5;
2074.9, 0.10, 110.2, 12.3, -0.4, 274.2, 40.0, 0.00, -2.29,    0,  0,    0, -5, -0.50, 44.6812416, 37.7940384, 8.80, 25.80,  1, 0.0, 0.0,  0, -5;
2075.4, 0.10, 110.2, 12.3, -0.4, 274.2, 38.8, 0.00, -2.33,    0,  0,    0, -5, 0.40, 44.6812416, 37.7940384, 9.50, 25.70,  1, 0.0, 0.0,  0, -5;
2075.9, 0.12, 110.2, 12.3, -0.4, 274.2, 37.3, 0.00, -2.29,    0,  0,    0, -5, 0.30, 44.6812352, 37.7940320, 10.10, 25.30,  1, 0.0, 0.0,  0, -5;
2076.5, 0.12, 110.2, 12.3, -0.4, 274.2, 40.8, 0.00, -2.29,    0,  0,    0, -5, 0.50, 44.6812352, 37.7940320, 9.10, 26.50,  1, 0.0, 0.0,  0, -5;
2077.0, 0.11, 110.2, 13.0, 0.6, 274.8, 40.6, 0.00, -2.33,    0,  0,    0, -5, 0.80, 44.6812352, 37.7940320, 8.80, 26.10,  1, 0.0, 0.0,  0, -5;
2077.5, 0.11, 110.2, 12.3, -0.2, 275.8, 40.3, 0.00, -2.29,    0,  0,    0, -5, 1.20, 44.6812352, 37.7940320, 9.80, 26.80,  1, 0.0, 0.0,  0, -5;
2078.0, 0.16, 110.2, 12.3, -0.2, 275.8, 43.6, 0.00, -2.29,    0,  0,    0, -5, 1.50, 44.6812352, 37.7940384, 9.10, 28.20,  1, 0.0, 0.0,  0, -5;
2078.5, 0.16, 110.2, 13.2, -0.8, 277.5, 41.9, 0.00, -2.33,    0,  0,    0, -5, 1.40, 44.6812352, 37.7940384, 9.50, 27.50,  1, 0.0, 0.0,  0, -5;
2079.0, 0.10, 110.2, 12.3, -0.0, 277.4, 43.6, 0.00, -2.29,    0,  0,    0, -5, 1.10, 44.6812320, 37.7940384, 8.40, 27.50,  1, 0.0, 0.0,  0, -5;
2079.5, 0.10, 110.2, 12.2, 0.1, 278.2, 45.2, 0.00, -2.29,    0,  0,    0, -5, 1.60, 44.6812320, 37.7940384, 8.10, 28.20,  1, 0.0, 0.0,  0, -5;
2080.1, 0.11, 110.2, 13.2, -0.6, 279.1, 46.8, 0.00, -2.29,    0,  0,    0, -5, 1.50, 44.6812320, 37.7940384, 8.10, 29.30,  1, 0.0, 0.0,  0, -5;
2080.6, 0.11, 110.2, 13.3, -0.5, 280.0, 45.8, 0.00, -2.29,    0,  0,    0, -5, 1.30, 44.6812320, 37.7940384, 7.30, 27.80,  1, 0.0, 0.0,  0, -5;
2081.1, 0.08, 110.2, 13.2, -0.4, 280.7, 49.3, 0.00, -2.29,    0,  0,    0, -5, 1.60, 44.6812320, 37.7940320, 6.60, 29.30,  1, 0.0, 0.0,  0, -5;
2081.6, 0.08, 110.2, 13.3, -0.3, 281.6, 49.2, 0.00, -2.33,    0,  0,    0, -5, 1.20, 44.6812320, 37.7940320, 6.30, 28.90,  1, 0.0, 0.0,  0, -5;
2082.1, 0.09, 110.2, 13.2, -0.2, 282.3, 50.8, 0.00, -2.29,    0,  0,    0, -5, 1.40, 44.6812320, 37.7940320, 6.30, 30.00,  1, 0.0, 0.0,  0, -5;
